151
152
154
156
158
158
160
161
162
163
163
165
167
168
170
181
182
183
182
182
181
183
184
184
185
186
187
188
190
189
191
191
191
191
194
194
192
195
194
195
193
194
194
195
194
195
198
197
196
198
197
199
201
199
200
202
200
201
203
202
204
202
203
203
205
205
204
206
205
206
206
207
206
208
209
208
211
207
210
209
210
212
211
212
212
211
212
211
212
214
213
216
214
217
215
216
215
215
217
216
218
217
219
218
221
220
221
220
221
220
222
222
223
221
225
224
226
225
224
226
226
225
227
226
227
227
227
227
227
228
227
228
229
229
228
228
230
228
230
229
228
229
230
230
229
231
230
231
231
230
233
231
233
230
232
232
232
232
233
233
235
234
235
235
234
234
235
234
238
240
239
239
241
241
238
240
238
239
238
240
239
241
238
240
239
240
239
241
239
239
239
241
239
241
242
240
241
241
242
242
241
243
244
241
242
242
241
242
243
241
245
243
244
241
243
242
244
245
243
244
244
244
245
245
245
245
246
245
245
247
246
247
247
247
248
247
249
249
250
251
250
251
250
250
253
251
254
252
253
253
253
255
254
253
255
254
253
254
254
257
255
253
256
257
256
257
258
261
263
264
264
263
263
263
265
265
265
264
266
265
267
267
266
267
266
265
267
267
267
267
268
269
268
268
267
268
268
269
267
268
268
271
270
269
270
269
269
270
269
271
268
270
269
271
271
271
272
270
272
273
273
272
272
273
272
275
272
276
272
274
273
273
275
275
276
275
275
276
277
275
277
277
276
276
278
277
277
277
277
276
277
277
279
278
278
277
279
278
278
279
279
279
277
279
279
280
279
281
281
280
281
283
280
282
280
280
279
281
280
282
282
283
283
282
282
281
281
281
283
282
283
283
282
282
283
282
282
281
283
282
283
282
283
282
284
283
284
285
284
282
285
284
284
284
284
284
284
284
284
284
284
285
283
286
283
283
284
284
284
283
284
285
284
284
283
285
284
285
284
286
285
286
286
286
286
283
286
285
285
286
287
285
285
286
286
288
286
286
286
289
288
288
287
288
287
287
288
286
288
288
287
288
287
289
288
289
288
290
288
288
290
287
289
288
288
288
288
288
289
289
291
291
290
271
207
195
233
238
240
242
243
241
245
245
